1117 INDEX

771171711777771717μ171171171177- 1711111 17177171 71 11111111. 71111.
171. 1777, 17. 717. 97 77 93.

nrm· 111111117 1111171, 171717111- 771111717 1717177117771717111177
7777717111. 117717. 98. 1177111771,11777117171177111771771 ιι·

17 somnq 111711117 adqui 1111111.
F· 11171717.

7711177111717 1111171111,1171111111· meommn 771,771’1711711171117
7711117111. 77717789. 111771, qui 7177 7117 111111 717111

77111111. 77171171 77 11711 7111117, 117171717711117111171117771. Pin.
qm 171171111Ρ1ἱ1οἰ7ρί11.. mmmoiw ν,1111111111 111 1111177 intelligitur. ’1177

777717 qni· 71 homicidium 1111171.171711717,7111711771.Ρ77117.1.7,79.
771. 1..1 117.71717711711711717111771171111.777.

7777171771,1171117177711117,11711 11..Βο
7711. Fun. 111, 1. 37. 71117111, 71111717 1717111171717

777171 71111 71711711 ιι, sod 7717717 1711, 11717111 1777717711 117111
ἈἪοίζὲ1177111111171Ἧ111111111.ἓ71111111117771731171711117ὶθὲ

711177 77771 1 rumine, 1117177

771117,11111711771111...173.5 777 17177117717771.

77711771717117111117177171717717117777711177117771711717171111
117ι11111717177111771117 71717 nnjnn 17717 11711117. 7711. 7810871
1117111 7717111111 717717111171 1171117- 100. 7717117177177117117111111·
711111. 7171111717 111177177171117177117117,11111111111

77711771717711117117,Ι 1771117177 17177-1177117117177711,717771117711111·
11717777.5,75 ,17711.,,,117717911.

77711 11111771 1111111771ιὶ agumen- 777171117177171717111171111·
1771 7171111711, 771 etqui 77171711. 1171177717777171711717171171711ῦ
7711111119. magii, 117171 771111117ἰί 7771771177ιὶ11

77717, 1171177717 7711117,1111771111717 1117 1717717 17 71111111177711111111
771,1711771171171171711111171171711 7117117 7171111177,711117111111 1117*
1111771771. 11711. 5. 13. 1717 17711 7177111117-771717771711·

77111171,7711717,11111171,11171771. 1171171111171171177117111711. 771111

Ιζ11171171171114171117 71 edendo 117117 ⁵ 1111111171 71177 qnod 11771711 1111

711, quuis Ε.77.11..7 79, lv, 7. 39.
77717171 7111711. 71711711171117117771 77711711 1771711
777777177171171177. 7717 71 111 7771717111117771111171,1111111171111
771111717171117177177 11111. 7. 9. 49. 17117, 71 1171711 1171 71117 11171111
monton-nonomen„ 1171- 77177111158.Ρ11111...-7117

1111375177117711177171 71177177. 1171, 1.

7771171177 17117117· ,1771117711 11111111 Gallina canens, superiorem 0⁸⁵⁰ ΙΙ·
71177117. 1771179118.111777717777771,Ρ11117.11.1118·

Fidnjnmr, 771111 71717711. 11117 1 (1711711111 11117 1111111111. 717111· 111·

71171 771 commendatorum 117 exn· 6777177 ob 7171177717 111717 1111·
77111, 171 71771777117. 1171111111 44
71177717111111,1111117717171;117111·11711117,771111117 1111177711111111
17171117711111171, 1171111111. 71111777 1111177117777177177717171111711111
710. 17117717711771111177 abrutin 1111·

71171717771177111711711117171117111 11757
7711. 111. 1. 7.7111117717711177;·)1117 [1711717717 1171 77111117. 1:⁰an-
111771771777. 71171111. 17711115.

Figmnpooum 71711771 71171771 &mummolino benficium
17111177 1711111171 71 7111177177. Eun. 77171177111171771711711111711111111
111 5. 10. 7717111171. Eun. 111. 5,9.

7171111717 7717 1171771, Eun 11. (1171111717117111777717117111111
3. 90. ligitur. (1771111 7117111 1111177171. (1111111

7171117 1711111117 771 71 171711111171171711711111111. 11777. 1. 37.

 

