670 INDEX VERBORUM

v...66 0000000001-11100100.1101001001000000
00. Pham. V..1 66.60006110606010001000,161001.111,
Dm] 0001100001, 1660166010016, 6.40, 1660 notu.
6067,,6,60 1110060610 00010100 00600] N 0000010606ᾱο0 060
06000000010116100101. 1611066166. eqo 0000 perpetuo 0016016106 010111.
80100 Sumo 001101 60011 Eun. 6117, 0,1.6 11006010 6066100000οαιὲ-
10.οο01160010006001101001001100- 0100111000ιο 66010 6. IV. 6. 67,
0600160, 006. IV. 7, 45. 66001010 01 0116600000 6116600101, uinum
1000616000110010001110060001000 0016166600, 1111101. 10006060-
1001. 00011. 8. 68, 1110100001οὶ- 660 00101160100, 611611, 6, 61. 1100
161601 011601066οἰ0οι. 11601. 1166, 49, 066 00 601010 00110 10 60660 vm
61006006,1600,,ΙῙ,616,.,,.ῙῙ110 0600600000οω
001101]110000 0600 dom perpulit. 10010111 dubim 1060011 66010011.
60111110 000100110001106- 6,66,’1“00600100100010116106060·
(1010001000οο,600110610161,660106,66011100601. 1160106611, 6, 46. 66-
11166111 6601066006οι0, 601100001- 600606001000000001000006000,
1000106110, 06010, us. 7,6 1100011001 8 0000606000οω6-
00000000001111100100110110 0016 101. Pham. 11. 6 68,
1100111001.4,9,01,ω.010110,10110]10100
Dum] 610111 00110101 0001100161· 16160 101111 6001010 00016001. En
01001600 00100101 60611. 11111061 000 100600 bio 60061 10000000, 660106.
60010666.000,1.6.690166,66 0,10160116,160000060016οι60·
0060000660000160006010000110000· 00001, 1100, IV. 1. 40.
00101, 00016, 664. 10’ 61110 qno 00001600οο006Μοομ
6600006000010010066100011, 660, 606.1,6.,9 Hodie 01010060-
IV. 6,,9 000616160οη 1006000 06111106,Π.1,61,001610000000
00000100οΝ667,16106000,1100.11.1,66. Quada-
0111060] Interdum 0100101 dmi«. 006600 1110110001,ψοὼο
nu. 11. 6. 77, 0610161101. 0000 001 00006001 00001010, 6600010560.
60100000001060.6100111.11’,4,0. 10 6010010611006000101060000, 6601.
00100 01100160 016010 01 domin. 111..4 67, 6001016101060060010
1100111,01ο1.01110010001 010660001006010.1.6,66,0101
6111060016 1666 1100 0060010100 60016 ducenda 0016000111. Ρ60110.17.4.16,
060106. IV. 6, 69, 1110000011 011010]Ταί0101000100160 11001001
1000110060010600006010,1’,00110660.Α6010.,,661764. 61000
0166. 601101 01011106 11060110, 111. 016,
00]ῐ10600000010000000“6010 0061110] Audio ju 606001. 6061,
0100066600010001601016066 4.,11660110100, 0000606001 D.
m 000016000010100060661, Modo. 000, IV. 4 60. 1110111601
647.16001010010601006000001610 01110 00110 qum 606001. Pham. 11.
660001, 1117 ..10 1110010000.1.19.
61000111. 1, 66, 610 00060010 bom 006061οἶ6101 061Ι 110111 010101 0101600
maximam 66000101. 69, (101 6010101, 000111. 66,
0000066006111610001 11000111 0001]0010100011 0060010010166.
661 Ρ160100606010100111100010· 11111011. 01060060010106060-
tem, 000000006006611000001661, 0010160,.,,001111611166, 01110160·
660106, 111. 6, 47, 11001“ 0100 6110 1000011016,60100011010010111.Αο601,
veniet. 6601011. 107, 41. 000000- 6160061610016010006110600010-
101 dm 600 001, 1100. 111. 6. 66. 1610601, 1116600661000060 ,6010
66 000610060606,60100 6010160. Phor. ’00 ab 600 00 60116 0001001601. And. V·
1L1. 67, 00000600060601,000160-3,81.0001011100000.000,..Ῑ1 11.
00060 001 6001001. 110011. 4,16, 0100001060,6010100111,000.1.6.166,
Quo dammandum 06010. V. 100160001, 6011 quod 10 dignumst, 60·
7.,16, 0600.Ηο001,1.1.66. 6100000160
0011101 1100 100 6061110160 006000· 6001 0061 00101, 110001. Π. 1. 17,
1100111016 0110000 0660006061 01600 0110001100101,6001 00000101, 00000
6010161001οο. 11100011. 001, 1101101616, 161160οο100 Hm
01001100, 01006000] Vix 6100611161 duniaci 600 010160 00111, 11001011-
01106010010060000. 1606,,..16660 nom. 01017614, 16066006

 

