gudo. 1111111 imm? 1111111.
17. 1111 11111.

11111111]01111111111111111111111111
111. 11. 1. 6. Repudio 1111 1111111111
prim 1111111111. ,111. IV. 1. 11.
Digna 111111, ubi 11 111111 inm
11111111. 111. 11. 11111111 11111-
111 1111. Ean. 111. ³. 19. Inundmla
11 111111 11111111111. 1111111111. 1. 1.
Intfflgnt qmdm 111111 11
1111 ’ ..111. 1. 3. 11. 11111111-
11. 111. lV. 1.1. 111 111 inter 111
1111111111 11111111. 111111. 111. 1. 101.
01111 1111 111 11111111 1111111111.
Adelph. 11. 4. 7. Um 11111 111 agen,
11111111111111 1111. 11.,1. 10. 1111111·
11 internos 111111. Ρ111111. 11. 3. 84.

1111111111] si 111111111111111111 111·
111 111111111111.Α111. V. 11. Neque
111111 1111 1111111111. Adelph. 111. 1. 51.
1111 11111. 111111111111111111111111-
111.Η11.ΠΙ. 1. 15. Dum 1111111111 11.
1111111111. 11111111. V. 1. 17.

1111111111] Quod 111 1111111111111,
1111111111111111. 1. 35.

1111111111] Nolo 11111 111111 1111111-
1111 1111111111. 111. 111. 3. 41. 1111
111111. 1111111111 1111111 benignitatem
11111111 11111111111 Eun. 1. 1. 114.
1111111111.

’ Interdico] 1111111111 11 extulisse 11-
111 11111 puerum 1111111 11111. 1111.
IV. 1. 11. 1111111111 111111111Ρ111111.
winter-diu] Ρ111111111 1111111111.

Interdum] Interdum propm· 111111·
11. 111. 11. 3. 77. Pecuniam 11 1111
neglegens, munuum 1111111111 11-
11111. Ado! .11. 1. 8.

1111111] 11η111111111111.1111.11.
1.14. 11111111 aliquid acciderit 11111.
11111111. ’1111111111 1111111111.
1111. 1. 1. 16. 11111111 1111 1111111111
11111111. 111111. 11. 1. 1. 8111111111-
111 mihi 11111 11111111. 11111111.
1111111] 11111111. 1111111.

11111111] 1111111 11111111 oenus?
And. IV. 15111111 11111. 811111 11-
tellegens quid 1111111311. Il. 1. 1.
01111 1111 paulum 11111111. 111111.
1. 11. 1111 puter 11 111111111111111.
Adelph. 1. 1. 51. 1111111111 11111 111,
pernimium 11111111 Adelph. 111. 3. 39.

Imfieio] 111111 111 11111111 intefi-
1111· 111111111111111111. 1111. 111.

11111111]Νῶ1111111111,111111111111

INDEX VERBORUM ·

1111111111111. 111. 1. 1. 01. hu
111111111111111. Λι1.1.1.1ω. 111
11111111 11 11111111 qnid 111-111
111 111. 1. 11. 1111111... ..111
11111 111. 1111. V. 1. a ·

1111111111] 1111111111 11111111.
111111. IV. 1. 11.

laterior] 11 mmmmm-n·
111 11111 1111 11111. 1111111. 1. 31.

1111111111] 8111111 111 immun?
111111. lv. 3. 13.

111111111111]111111111111111111,1111-
11111.Δ111. 11. 1. 16. 11111111 11111·
1111111111· 11111 1111111111ι1.

1111111111] 1111111111 um 11111·
1111111111,1111 upa 1111111111.

1111111111] eum un 1111111111
1111 1111111111. 111111. 11. 1. 11. 1111
11111.

111111111111] 111 quis 11111 111111-
1111111111111111111111 istun 111111.
1111. 11. 1. 56.

lm] 1111 111 1111111111 nn·
111 exedendum. 1111111. 11. 1. 4.

1111111111 111111 adurcium&-
muliebri. 1111.11.8.41.111111111.

luten-ogo] 111111 1111 inmani·
1111. V. 111.
“ 11111111111111111111111111111-
111111 111 potent 11111111. 111111. 111.

1111111111]811111 11111 iam
1111. IV. 1 17. Neminem 11111111
iamin 11111 1111.1111.111.11
111 inproviso 111 intermunt 11111111.
111111. 11. 3. 10. 1111111111 111 1111·
1111111111111111 unu. 111111 11.
1. 1. Ε11ο1111111111111111111111111-
11111111. 1111. 11111. 1. Qun 11111 111
1111111111111.1111.111.1,11.111111-
111. 111111111111111111111111111 11·
11111111. Ρ11111. 1.1. 41.

111111] Vos 111111 111111 1111111. 111.
1. 1. 1. 0111111111 111111 11111. 111. 1.

1111111111] 1111111111 1111111111.
Eun. 111. 1. 19. ‘ru 11111 1111, 11
0111111111 1111111111. Eun. V. 2. 70.
1111111111 111111111111111.11111.1.

1111111] 11111111 111111111111,11·
111111111111.111.11.1.16. enne·
11111 1111111111 Eun. 1. 1. 7. Qui 11·
11111 eum 11111111111111111 1111111111
111111 11 11111111. 1111. w. 1. 11.
1111111111 1111 11111111111 11111. m.

 

