ffl8

11611111,111,1.6..111191 Δ66.,Ι
81.8111188411184.V
4-38. 11.,,612 861..,11344.
111.1.34.11’.3,3.11112011
16166116ω16.
V. 4. 5. 1166, ΠΙ, 4. 86. thl.
2. 1111. 3.11.1, 4. 7.11.1, 57,
11, 3. 26. lv. 8. 9. V. 7. 95.
Lucretius, 1611, 1, 2⁴4. 1161, 111.1.
84 111. 8. 9. 111421. 1661111.
2 37 8116161. 1,4.36.11. 1,2.
1611161,11611661116616161,
161111, 1161, 2 28
1116168111, 1116, 1, 6. XXIV. 11. 6.
5201111. 1 185. 11661, 2,.114
1111661Ι1161’ ι6 6616611631.
135. 866.1’,8.57.116161,11.3. 35.
1611. 11. p. 337.
1661611161,8116111.1,1.14.
16111611161611161,1166.6161, 37.
8111161816161,1611.6.101,
Μ11111111,166,111,1.1811661275,
Mart. 1111116161 111, 1166. V. 4. 35.
Μ11111161,1616.16,ΧΧ.
1661116661, And. 1238. 11.1.9,Π. 2.
88. 11. 4. 4. 11. 5. 16. 11, 6. 8111.
2. 3. 111. 5..5. IV. 1. 3. 48. 54.
IV. 2. 9. 1113. 1, 11.1V.5.8.81.
V.4. 16. 84. 1166, 6161. 36, 1.1. 1.
18. 88. 1. 8. 18. 11. 8. 88. 111. 8.
88. 111, 3, 26. 111. 5. 48. lv. 4.
88.1V.6.88.1V.'!.8.V.8.87.
Η661135171ιω.6116.
1. 98. 1v. 8. 8. Adelph. 1. 1. 18.
11. 1. 46. 111. 4. 84. V. 8. 15.
1166161,166. 1. 1. 88. Eun. prol. 19.
1661, IV. 1. 5. 21. Phor. I. 8. 84.
&mammam
121661161861. 11. 8. 18.
Nigidius, Phonn. 1. 4. 4, 11, 1, 8.
11661661111611161, 1166. V. 48.
(86661661611111. 16115.
016661166166 1111111. 16309.
81666111. ,.1661611 6161, 16. 8116111.
8611161,16611Ῑ.4, 80. 1116161617,
861166. Arbiter 611166116116111. 6.
8611618161166111811611111125.
861161011616166111,1161.11,6.338,
1111616166. 1119.
811161111161,1611,1,6. 307. 11116161,
13.111.1,28.16111.6. 520,
81161661611111. 1. 6. 308.
81161111, Pham. IV. 4. 25,
81661161, 1661, 1. 84.
8111161161, 111. 8. 88. 8111111111, Py·
1111661116 16116611. Eun. 11. 2. 88.

INDEX AUCTORUM.

8166116,116,..1170.1201.5.
16...11.18111....5191118.16.
11111130, 8438811111.
1.35,,11 1116111136.
111142.111,3.2,.111 8181V.
4241v. 7. 89. V. 3.3.1’. §.12
16616116.161,12,16..Ι.126,
1112. 11111616. ΠΙ. 411.
84. 1V..5 32. 11661111. 41. IV.
2,4, 8116111.11,2.29.ΙΙΙ.1.3.
20, 11118, 111116. 31.
8116161,116161,1112.10.
816111666116618158. nm.
Pomponius, 811, 1111. 116611. Π.
amm‚wm1ffl
8616161,1611,Ι.6,ΧΙΧ.
8611616661, num. 4,4.
8111611161, Aur. 1. 1. 88.
8116618611. 1116611111. 25.
1166.6161.2.886116.Ι.1.13.1.3.
3113. 25,
816666161,81616ι.11.1. 81.
8116661161,861,11.3.218861ι1.
Pub. S 81161611, 8. 20,
06616161,,Μ’.8116116.1112 w.
0616011661, 166, 616101. En. 11.
2 20 111. 5. 58.
1166161, 1116. V. 7, 4.
sananim, 11111, 1. 38, 566170. 1,
1611ΜΜ1ἈΝ1
88. v.1.9. V-4.4. 3043. Ru.
1. 1. 89. 11210, 11.8.81. 111.
1.11.1V.6.18.V.4.17.81.112⁵.
6161116611146 46. ΙΙΙ.
1111666611661191111.
1211161. 9111111. 1,1.4,1,
1114141111. 88. ι9.1.116.
2811113112,11121112,
1⁵. V. 6. 32. V. 7. ⁷1. 86.
311116661Μ16111.166.11.5.16.116661,
81161, ton. 161111.
8611611 6116161161. 166, 11. 2. 88-
8616Ιί16161 111116616611. And. [v. 1.
58. 88666. lv. 4. 81.

·—-·- (161Ιί611681. 16618. 4. 30,

—- 1616111111. 11661. 1, 88.

·—- 866161111. 8111111114,
81. 11. 16 observ-u. 16 Dm.
8116116,11,2.1.

-- 16111116111111.

-- 8166111. 86611. 8. 57,

01116111611116161. 17.

Senem. 166, l. 1. 50. 1166111, 5, G.
Adelph. 111, 2. 8, 81161611. 1. 18.

 

