ET 111111131οΜ TERENTII. 601

66661116611661 6616666, qu 611661 Cupiditas] 1161661 6116666166 611-
6111661 1166. IV. 4. 41. 16 661666 16 pidici. devinxit 6616. 116661. 1. 1. 34.
66166 666 661. 1166. lV. 4. 78. Ειο ii· 161166 16 611166 6166611616. 11666.
1666666166116661 666616166616661 1141.

66616. 1166. 11.1.10.Ν6111666116 Cupidus] 111166161666 cupidum 16-
6616166166666611661611166. 116611. 6611166666661.Η6161. 11. 3. 116.
410. 6611161166 6666616166 611- 11666161661661.661616661166666166
6616. Pium. 1. 1. 10. 31 661, 61661- 66666661. 11661. 116166166116666-
666116 66 1666166611. 11666. 11. 1. 40. piam redeundi 66666. Heo- 111. 1. 3.
Bm 16 166 66 cuipam 6661166 666 166161666166616611166111. 3. 11.
6666116661. V. ⁸. 15. 6166 66166. Neu 616 aspidum 66 1666116661. Pham.

06166] 0666661 6616166161 66161111. Ι. 3. 6.

166. 11. 3. 96. cupio] Quidvis 16616, 666 66 11 166

cho] 066166 66161 6661 doto 16666 ne 16111 6616661166. 1166. V. 3. 31. 1661
1116 66666116611161.1.1. 74. 66616111666616. Α61.ν.1.1.661661
, 36116 666 6661616666. 11. 104. Quod 61166116 1 611 16111616111161666116.
postulo, inpetro 6661 666111. And. Π. lva. 4311166666 1666 6666611, 66611
311. cun 6616166166 1166 6666116· 6616661661 6661116. 116661. V. 111.
16611166. IV. 1. 15.Η166161616616. 116661 cupio. 116661. V. 1. 13111616 61·
661666666666166116611310. 6666 cupio. 116. 111. 4. 6. 61161116-
1116666 6611166 66116166666166. 666. 6661666611. Ad. 9. 36116616 66 16
1143601161 silentio 6616661666- venit, 6161 6161616161.1166.1.1.67.
6116. 1166. 6661. 44. Quin 661 116 66. Equidem 66616, 61 vix contineor. 1166.
1661 6666 16616 6666661661 116611. IV. 3. 9. 166 depecisci 66616 cupio.
3. 61. 111666166 61111 ilio 66166366. 116661. 3 14.

111. 5. 14. Nolo 616 in 616 emm cumini-ius] 066666161161116161-
66616 616661. 1166. V. 1611116616 vitm cuppediariionnu. Eun.11.2.25.
1661166661 661166 6661166. Ad. 111. 4. 6166 66166.

55. 1166 61666661 1116 666 66166 1661. Cur] Quid 161166 611161, 666 66611·
·Δ661.1’.3.55.616666166.06161116666. 66111166. 1. 1. 76. 616666166. Cur 66
161166. 1.1.19.066111161166616666. 61666663 6116 6666 6666616166 huju·
Phora. Π. 1. 39, Multimodis 6661 ί.. 661116116 6666116 und. V. 3. 15 61 16,
1666616666611666166661. Pion. 111. 6166 66166. 11166 6666661611366.
1. 1. 0661 1116 6166161 1666.Ρ1616. 111· 3. 17. Cur 661616 1661666661661
1116161161 666 166 661161 6611 6611611116 6611166166161166616116
1666 6166666616166 661116, 66166661 6161166166 suggerii? 161. 1. 36
1616. Ρ1666.11’. 3. 16 61 17. 61 37.

Cum] 0666 16 6111 61666161, 166 Cura] 1611666 116666 6166 666166166
,666 66666666666111666616666.Α66. 616661. And. 11. 1. 4. 'rot 66 166661-
1.1. 69. Prope 66611, 6611 111666 66- 6616616.1166.Ῑ.5. 15.(1166611 6111.
66 61666666616111. And. 1. 1. 115. , 11616111 6116 661. 116661. 1. 1. 49.
Nm 6666 66166611616 6661116666. 066 ego 666 66111 66161 6616116. 1166.
V. 1. 4. 6166 116116. 11666 66161616616 II. 1. 33. (111666 66666 61666611. 111.
16161661, m perpeti 66 666666. Eun. 2. 11. 1166 mihi 6666 eum 611 6616·
ΙΙΙ. 5. 33. cm 661666 6616 16 6616 6661166. 1111. 19. Quot 661616 16661
6666116, 116661. IV. 6. 40. 31666666 661611 11661. 3. 19. 1166 661161666
6116161611 166666, m 666 16166166 66661616 1666661 66161661. Pinum. 1.
1111 166616. 116161. V. 4. 1. Videre 61- 3. 0. 1116166 61 666616 1161661166.
6666 ju 611-11166, 66161 1166 66666 Pham. 11. 1. 16. 061616 66 61116 61
6616616116. III. 3. 30. 1166 666111, 6611161166166 666611 666166. Pham. 11.
quod 6616. Aa. V. 1113. 6166 66166. 4.1. 3166 666116 6616 6116166, 661611·
316611666 6666161, 61 cum 661666, 16 166 661116611Ρ1666.1’. 1. 34. 61-
1661616611166. 1166. 1. 1. 40. 066161- 66 66111.
11666661666611616166616666161661- Curatum] 116666616666161616666·
661.Ρ1666.1.4.10. Cum 66666661 666 66. 1166. 11. 3. 15.
111166666616666661666661116166- Curium] Ν616166666 6611616111 16-
66616666161. nomn. 1. 11. temnite 6666 6111. 1166. ΙΙΙ. 1. 5.

cupida] 066166 66616111 ju suo. 0666] (1666116 661 16666666. 1.
mm. 1. 6116 6666161 6616161Ιί661.166.

· 666.. n. 46

 

